6.152999999999999581e-01
8.591999999999999638e-01
1.102999999999999980e+00
1.346000000000000085e+00
1.590000000000000302e+00
1.834000000000000075e+00
2.088999999999999968e+00
2.333000000000000185e+00
2.576999999999999957e+00
2.821000000000000174e+00
3.064999999999999947e+00
3.309000000000000163e+00
3.552000000000000046e+00
3.795999999999999819e+00
4.040000000000000036e+00
4.283999999999999808e+00
4.527999999999999581e+00
4.772000000000001130e+00
5.026999999999999247e+00
5.270999999999999019e+00
5.514999999999998792e+00
5.759000000000000341e+00
6.001999999999999780e+00
6.246000000000000441e+00
6.490000000000000213e+00
6.733999999999999986e+00
6.977999999999999758e+00
7.222000000000000419e+00
7.464999999999999858e+00
7.708999999999999631e+00
7.952999999999999403e+00
