9.825454545454543887e-01
1.207127272727272604e+00
1.459781818181818291e+00
1.726472727272727159e+00
2.035272727272726900e+00
2.358109090909090710e+00
2.723054545454545394e+00
3.130109090909090508e+00
3.565236363636364203e+00
4.056509090909091064e+00
4.589890909090908799e+00
5.179418181818181921e+00
5.825090909090909541e+00
6.526909090909091660e+00
7.312945454545453750e+00
8.169163636363636627e+00
9.109600000000000364e+00
1.014829090909091036e+01
1.129927272727272758e+01
1.254850909090908928e+01
1.393810909090909078e+01
1.543999999999999950e+01
1.712436363636363623e+01
1.894909090909090921e+01
